  20749380
  21815729
  84127612
 146415403
 169448302
 201334131
 201334131
 247685860
 251966821
 254903034
 254903034
 269546585
 269887705
 287252399
 458801846
 487463242
 634127377
 644946117
 644946117
 650834359
 655946678
 703911583
 703911583
 788678953
 798796284
 832357693
 937103192
 985136187
 987980046
1034388955
1079404341
1090572799
1098219555
1130904720
1232301958
1232301958
1232508943
1251062889
1290117964
1290117964
1295632724
1296353195
 982687140
1384969329
1412300363
1412300363
1419377848
1436459226
1453339976
1462671507
1487465568
1517028356
1626734445
1662002300
1673400659
1721569590
1737936580
1525938604
1917416498
1990551014
2039161473
2074999002
2085135543
2111511724
2142780412
1299258042
2214285365
2248470698
2180387206
2284985558
2312863340
2375132775
2404707750
2465563585
2478078357
2619725595
2616277435
2746061148
2809340797
2830015888
2842551292
2971697081
1997355956
2478125658
3012653830
3017644821
3113726833
3131706170
3159447166
3210278202
3210278202
3256465675
3294100081
3383543599
3383543599
3399008212
3446550822
3464312855
3490972283
3518795689
3545790892
3569357477
3697838975
3697838975
3712427173
3720682733
3760204608
3548139951
3760204608
3548139951
3794447590
3845065739
3797747709
3945115776
3984090899
4120551287
4189488490
4211778404
4213631885
4221941408
4269671762
3902913988
4070907139
4269671762
3902913988
4070907139
4285466660
4285466660
